---

PCA method: svd

Standard deviation:
2.362205 1.623676 1.429134 1.006701 0.577949 0.555050 0.262802 0.109211 0.051017 0.045660 0.001715 0.000000 

Proportion of variance:
0.465001 0.219694 0.170202 0.084454 0.027835 0.025673 0.005755 0.000994 0.000217 0.000174 0.000000 0.000000 

Cumulative proportion:
0.465001 0.684695 0.854897 0.939351 0.967186 0.992860 0.998615 0.999609 0.999826 1.000000 1.000000 1.000000 

Kaiser criterion: 4.000000

95% threshold criterion: 4.000000

Eigenvalues:
     5.58001
     2.63632
     2.04243
     1.01345
    0.334025
     0.30808
   0.0690646
   0.0119271
  0.00260277
  0.00208481
2.93973e-006
4.57765e-014

Variable Loadings:
                        PC1           PC2           PC3           PC4           PC5           PC6           PC7           PC8           PC9           PC10           PC11          PC12
Ocup_2010        -0.0444771     -0.034469      0.402939      0.775957      0.226956     -0.245724     -0.344328     0.0414798      0.011741   -0.00741135   0.000778461 -1.41943e-007
IVS_2010          -0.295219      0.398583       0.20929    -0.0615574     0.0279674     0.0475859     0.0920705     0.0103404    0.00190192    0.00124485      0.833517 -2.41213e-007
IVS_INF_10        -0.284984      0.361051     0.0737734     0.0958788     -0.355692      0.649285     -0.391068     0.0352408    0.00252334    0.00296918     -0.267416  1.61701e-007
IVS_CPH_10        -0.210164      0.311797      0.245388     -0.522761      0.159665     -0.495973     -0.433658     0.0301324    -0.0184419     0.0138768     -0.253252  1.04861e-007
IVS_REN_10        -0.283505      0.380752      0.225342      0.136626      0.190822    -0.0202671      0.705538    -0.0324885  -0.000103636   -0.00221312     -0.411751   8.2422e-008
MASC               0.357241      0.312996    -0.0975479     0.0278179      0.145844     0.0432459    -0.0317218      0.198254     -0.210289     -0.708136   -0.00137561      -0.39369
FEM                0.369093      0.293142    -0.0539637      0.043984      0.103648      0.039461    -0.0223378     0.0361018     -0.320824      0.690438    0.00333691     -0.423374
POP                0.363883      0.303124    -0.0750672     0.0362446       0.12415     0.0413415    -0.0268963      0.114389     -0.267932     0.0165788    0.00106807      0.815943
DOM_OCU            0.364678      0.303156    -0.0471177     0.0112925      0.145989     0.0522836    -0.0573712     -0.298333      0.809352     0.0368691   -0.00288573 -5.49872e-007
URB_RURAL         0.0902145     -0.311258      0.456633     -0.275535      0.593538      0.505102    -0.0323368     0.0400246    -0.0211465    0.00623176    0.00015015 -3.39055e-008
Dens_Dom           0.289233     -0.021251      0.480701    -0.0687858     -0.383073    -0.0391194     0.0612434     -0.667501     -0.257708     -0.126785     0.0042033  2.28258e-007
Dens_hab           0.289932    -0.0487613      0.466403    -0.0903469     -0.437625    -0.0696836      0.154492      0.636485      0.242207     0.0618848   -0.00472031 -2.12091e-007


Squared correlations:
                        PC1           PC2           PC3            PC4            PC5            PC6             PC7             PC8             PC9            PC10            PC11         PC12
Ocup_2010         0.0110385    0.00313212      0.331608       0.610205      0.0172053      0.0186022      0.00818864     2.0541e-005    3.61362e-007    1.12198e-007    6.47938e-008     0.551203
IVS_2010           0.486322      0.418826     0.0894632     0.00384015    0.000261274    0.000697593     0.000585299     1.2729e-006    1.00538e-008    2.70535e-009    1.38494e-006     0.122692
IVS_INF_10         0.453187      0.343665     0.0111159      0.0093164      0.0422598       0.129878       0.0105628     1.4798e-005    1.70902e-008    1.66467e-008     5.2827e-007     0.201642
IVS_CPH_10         0.246464      0.256296      0.122986       0.276953      0.0085154      0.0757846       0.0129891    1.08298e-005    8.79383e-007    3.97747e-007    4.85646e-007     0.158251
IVS_REN_10         0.448496      0.382192      0.103712      0.0189178      0.0121629    0.000126543       0.0343781    1.25956e-005    3.57315e-012    1.09769e-008    7.75107e-007    0.0293723
MASC               0.712131      0.258271     0.0194348    0.000784264     0.00710489    0.000576174    6.94955e-005     0.000468789     0.000115048      0.00104459    2.27222e-008    0.0351387
FEM                0.760168      0.226545    0.00594764     0.00196066     0.00358847    0.000479731    3.44613e-005     1.5548e-005      0.00026782     0.000994697    2.98543e-008    0.0612998
POP                0.738855      0.242237     0.0115092     0.00133136     0.00514846    0.000526544    4.99609e-005     0.000156071     0.000186782    5.93462e-007    2.63689e-008    0.0479231
DOM_OCU            0.742091      0.242288     0.0045343    0.000129245     0.00711909    0.000842165     0.000227325      0.00106152      0.00170516    2.88038e-006     2.1596e-008    0.0584265
URB_RURAL         0.0454137      0.255409      0.425872      0.0769401       0.117673      0.0785995    7.22105e-005    1.91333e-005    1.15974e-006    8.43542e-008    2.21425e-009     0.220849
Dens_Dom             0.4668    0.00119054      0.471947     0.00479499      0.0490159    0.000471484     0.000259022      0.00531352     0.000172806     3.3394e-005    1.80087e-008     0.277802
Dens_hab            0.46906    0.00626821      0.444291     0.00827219      0.0639706     0.00149602      0.00164838       0.0048325     0.000152731    8.03801e-006    1.37134e-008     0.259295

---

PCA method: svd

Standard deviation:
2.362205 1.623676 1.429134 1.006701 0.577949 0.555050 0.262802 0.109211 0.051017 0.045660 0.001715 0.000000 

Proportion of variance:
0.465001 0.219694 0.170202 0.084454 0.027835 0.025673 0.005755 0.000994 0.000217 0.000174 0.000000 0.000000 

Cumulative proportion:
0.465001 0.684695 0.854897 0.939351 0.967186 0.992860 0.998615 0.999609 0.999826 1.000000 1.000000 1.000000 

Kaiser criterion: 4.000000

95% threshold criterion: 4.000000

Eigenvalues:
     5.58001
     2.63632
     2.04243
     1.01345
    0.334025
     0.30808
   0.0690646
   0.0119271
  0.00260277
  0.00208481
2.93973e-006
4.57765e-014

Variable Loadings:
                        PC1           PC2           PC3           PC4           PC5           PC6           PC7           PC8           PC9           PC10           PC11          PC12
Ocup_2010        -0.0444771     -0.034469      0.402939      0.775957      0.226956     -0.245724     -0.344328     0.0414798      0.011741   -0.00741135   0.000778461 -1.41943e-007
IVS_2010          -0.295219      0.398583       0.20929    -0.0615574     0.0279674     0.0475859     0.0920705     0.0103404    0.00190192    0.00124485      0.833517 -2.41213e-007
IVS_INF_10        -0.284984      0.361051     0.0737734     0.0958788     -0.355692      0.649285     -0.391068     0.0352408    0.00252334    0.00296918     -0.267416  1.61701e-007
IVS_CPH_10        -0.210164      0.311797      0.245388     -0.522761      0.159665     -0.495973     -0.433658     0.0301324    -0.0184419     0.0138768     -0.253252  1.04861e-007
IVS_REN_10        -0.283505      0.380752      0.225342      0.136626      0.190822    -0.0202671      0.705538    -0.0324885  -0.000103636   -0.00221312     -0.411751   8.2422e-008
MASC               0.357241      0.312996    -0.0975479     0.0278179      0.145844     0.0432459    -0.0317218      0.198254     -0.210289     -0.708136   -0.00137561      -0.39369
FEM                0.369093      0.293142    -0.0539637      0.043984      0.103648      0.039461    -0.0223378     0.0361018     -0.320824      0.690438    0.00333691     -0.423374
POP                0.363883      0.303124    -0.0750672     0.0362446       0.12415     0.0413415    -0.0268963      0.114389     -0.267932     0.0165788    0.00106807      0.815943
DOM_OCU            0.364678      0.303156    -0.0471177     0.0112925      0.145989     0.0522836    -0.0573712     -0.298333      0.809352     0.0368691   -0.00288573 -5.49872e-007
URB_RURAL         0.0902145     -0.311258      0.456633     -0.275535      0.593538      0.505102    -0.0323368     0.0400246    -0.0211465    0.00623176    0.00015015 -3.39055e-008
Dens_Dom           0.289233     -0.021251      0.480701    -0.0687858     -0.383073    -0.0391194     0.0612434     -0.667501     -0.257708     -0.126785     0.0042033  2.28258e-007
Dens_hab           0.289932    -0.0487613      0.466403    -0.0903469     -0.437625    -0.0696836      0.154492      0.636485      0.242207     0.0618848   -0.00472031 -2.12091e-007


Squared correlations:
                        PC1           PC2           PC3            PC4            PC5            PC6             PC7             PC8             PC9            PC10            PC11         PC12
Ocup_2010         0.0110385    0.00313212      0.331608       0.610205      0.0172053      0.0186022      0.00818864     2.0541e-005    3.61362e-007    1.12198e-007    6.47938e-008     0.551203
IVS_2010           0.486322      0.418826     0.0894632     0.00384015    0.000261274    0.000697593     0.000585299     1.2729e-006    1.00538e-008    2.70535e-009    1.38494e-006     0.122692
IVS_INF_10         0.453187      0.343665     0.0111159      0.0093164      0.0422598       0.129878       0.0105628     1.4798e-005    1.70902e-008    1.66467e-008     5.2827e-007     0.201642
IVS_CPH_10         0.246464      0.256296      0.122986       0.276953      0.0085154      0.0757846       0.0129891    1.08298e-005    8.79383e-007    3.97747e-007    4.85646e-007     0.158251
IVS_REN_10         0.448496      0.382192      0.103712      0.0189178      0.0121629    0.000126543       0.0343781    1.25956e-005    3.57315e-012    1.09769e-008    7.75107e-007    0.0293723
MASC               0.712131      0.258271     0.0194348    0.000784264     0.00710489    0.000576174    6.94955e-005     0.000468789     0.000115048      0.00104459    2.27222e-008    0.0351387
FEM                0.760168      0.226545    0.00594764     0.00196066     0.00358847    0.000479731    3.44613e-005     1.5548e-005      0.00026782     0.000994697    2.98543e-008    0.0612998
POP                0.738855      0.242237     0.0115092     0.00133136     0.00514846    0.000526544    4.99609e-005     0.000156071     0.000186782    5.93462e-007    2.63689e-008    0.0479231
DOM_OCU            0.742091      0.242288     0.0045343    0.000129245     0.00711909    0.000842165     0.000227325      0.00106152      0.00170516    2.88038e-006     2.1596e-008    0.0584265
URB_RURAL         0.0454137      0.255409      0.425872      0.0769401       0.117673      0.0785995    7.22105e-005    1.91333e-005    1.15974e-006    8.43542e-008    2.21425e-009     0.220849
Dens_Dom             0.4668    0.00119054      0.471947     0.00479499      0.0490159    0.000471484     0.000259022      0.00531352     0.000172806     3.3394e-005    1.80087e-008     0.277802
Dens_hab            0.46906    0.00626821      0.444291     0.00827219      0.0639706     0.00149602      0.00164838       0.0048325     0.000152731    8.03801e-006    1.37134e-008     0.259295

---

PCA method: svd

Standard deviation:
2.362205 1.623676 1.429134 1.006701 0.577949 0.555050 0.262802 0.109211 0.051017 0.045660 0.001715 0.000000 

Proportion of variance:
0.465001 0.219694 0.170202 0.084454 0.027835 0.025673 0.005755 0.000994 0.000217 0.000174 0.000000 0.000000 

Cumulative proportion:
0.465001 0.684695 0.854897 0.939351 0.967186 0.992860 0.998615 0.999609 0.999826 1.000000 1.000000 1.000000 

Kaiser criterion: 4.000000

95% threshold criterion: 4.000000

Eigenvalues:
     5.58001
     2.63632
     2.04243
     1.01345
    0.334025
     0.30808
   0.0690646
   0.0119271
  0.00260277
  0.00208481
2.93973e-006
4.57765e-014

Variable Loadings:
                        PC1           PC2           PC3           PC4           PC5           PC6           PC7           PC8           PC9           PC10           PC11          PC12
Ocup_2010        -0.0444771     -0.034469      0.402939      0.775957      0.226956     -0.245724     -0.344328     0.0414798      0.011741   -0.00741135   0.000778461 -1.41943e-007
IVS_2010          -0.295219      0.398583       0.20929    -0.0615574     0.0279674     0.0475859     0.0920705     0.0103404    0.00190192    0.00124485      0.833517 -2.41213e-007
IVS_INF_10        -0.284984      0.361051     0.0737734     0.0958788     -0.355692      0.649285     -0.391068     0.0352408    0.00252334    0.00296918     -0.267416  1.61701e-007
IVS_CPH_10        -0.210164      0.311797      0.245388     -0.522761      0.159665     -0.495973     -0.433658     0.0301324    -0.0184419     0.0138768     -0.253252  1.04861e-007
IVS_REN_10        -0.283505      0.380752      0.225342      0.136626      0.190822    -0.0202671      0.705538    -0.0324885  -0.000103636   -0.00221312     -0.411751   8.2422e-008
MASC               0.357241      0.312996    -0.0975479     0.0278179      0.145844     0.0432459    -0.0317218      0.198254     -0.210289     -0.708136   -0.00137561      -0.39369
FEM                0.369093      0.293142    -0.0539637      0.043984      0.103648      0.039461    -0.0223378     0.0361018     -0.320824      0.690438    0.00333691     -0.423374
POP                0.363883      0.303124    -0.0750672     0.0362446       0.12415     0.0413415    -0.0268963      0.114389     -0.267932     0.0165788    0.00106807      0.815943
DOM_OCU            0.364678      0.303156    -0.0471177     0.0112925      0.145989     0.0522836    -0.0573712     -0.298333      0.809352     0.0368691   -0.00288573 -5.49872e-007
URB_RURAL         0.0902145     -0.311258      0.456633     -0.275535      0.593538      0.505102    -0.0323368     0.0400246    -0.0211465    0.00623176    0.00015015 -3.39055e-008
Dens_Dom           0.289233     -0.021251      0.480701    -0.0687858     -0.383073    -0.0391194     0.0612434     -0.667501     -0.257708     -0.126785     0.0042033  2.28258e-007
Dens_hab           0.289932    -0.0487613      0.466403    -0.0903469     -0.437625    -0.0696836      0.154492      0.636485      0.242207     0.0618848   -0.00472031 -2.12091e-007


Squared correlations:
                        PC1           PC2           PC3            PC4            PC5            PC6             PC7             PC8             PC9            PC10            PC11         PC12
Ocup_2010         0.0110385    0.00313212      0.331608       0.610205      0.0172053      0.0186022      0.00818864     2.0541e-005    3.61362e-007    1.12198e-007    6.47938e-008     0.551203
IVS_2010           0.486322      0.418826     0.0894632     0.00384015    0.000261274    0.000697593     0.000585299     1.2729e-006    1.00538e-008    2.70535e-009    1.38494e-006     0.122692
IVS_INF_10         0.453187      0.343665     0.0111159      0.0093164      0.0422598       0.129878       0.0105628     1.4798e-005    1.70902e-008    1.66467e-008     5.2827e-007     0.201642
IVS_CPH_10         0.246464      0.256296      0.122986       0.276953      0.0085154      0.0757846       0.0129891    1.08298e-005    8.79383e-007    3.97747e-007    4.85646e-007     0.158251
IVS_REN_10         0.448496      0.382192      0.103712      0.0189178      0.0121629    0.000126543       0.0343781    1.25956e-005    3.57315e-012    1.09769e-008    7.75107e-007    0.0293723
MASC               0.712131      0.258271     0.0194348    0.000784264     0.00710489    0.000576174    6.94955e-005     0.000468789     0.000115048      0.00104459    2.27222e-008    0.0351387
FEM                0.760168      0.226545    0.00594764     0.00196066     0.00358847    0.000479731    3.44613e-005     1.5548e-005      0.00026782     0.000994697    2.98543e-008    0.0612998
POP                0.738855      0.242237     0.0115092     0.00133136     0.00514846    0.000526544    4.99609e-005     0.000156071     0.000186782    5.93462e-007    2.63689e-008    0.0479231
DOM_OCU            0.742091      0.242288     0.0045343    0.000129245     0.00711909    0.000842165     0.000227325      0.00106152      0.00170516    2.88038e-006     2.1596e-008    0.0584265
URB_RURAL         0.0454137      0.255409      0.425872      0.0769401       0.117673      0.0785995    7.22105e-005    1.91333e-005    1.15974e-006    8.43542e-008    2.21425e-009     0.220849
Dens_Dom             0.4668    0.00119054      0.471947     0.00479499      0.0490159    0.000471484     0.000259022      0.00531352     0.000172806     3.3394e-005    1.80087e-008     0.277802
Dens_hab            0.46906    0.00626821      0.444291     0.00827219      0.0639706     0.00149602      0.00164838       0.0048325     0.000152731    8.03801e-006    1.37134e-008     0.259295

